51733
51735
51736
51741
51763
51768
51772
51777
51778
51825
51827
51829
51831
51839
51854
51856
51858
51860
51865
51878
51881
51886
51900
51902
51905
51921
52027
52052
52062
52066
52069
52101
52105
52106
52107
52109
52111
52112
52143
52199
52202
52203
52469
52470
52473
52474
52482
52508
52521
52522
52570
52575
52580
52593
52595
52610
52611
52613
52614
52616
52617
52618
52624
52625
52637
52638
52639
52640
52641
52642
52649
52650
52658
52660
52680
52702
52704
52705
52706
52716
52720
52721
52724
52748
52749
52751
52752
52753
52760
52761
52779
52782
52783
52785
52786
52805
52813
52844
52846
52848
52851
52857
52859
52877
52887
52888
52890
52893
52894
52895
52897
52900
52902
52905
52910
52912
53020
53024
53047
53049
53050
53051
53053
53055
53056
53057
53059
53067
53070
53071
53072
53194
53195
53196
53197
53199
53200
53208
53212
53214
53217
53218
53219
53220
53221
53370
53387
53468
53505
53512
53515
53533
53534
53547
53548
53550
53551
53552
53553
53555
53556
53558
53571
53578
53581
53582
53591
53593
53594
53595
53600
53617
53618
53619
53620
53630
53631
53633
53634
53637
53639
53640
53647
53650
53651
53652
53661
53669
53672
53673
53682
53686
53690
53706
53708
53711
53734
53743
53744
53753
53754
53755
53756
53758
53760
53761
53769
53773
53775
53776
53786
53787
53793
53812
53814
53815
53817
53819
53821
53827
53828
53829
53830
53831
53832
53836
53852
53854
53857
53858
53861
53863
53864
53873
53874
53876
53877
53878
53880
