51732
51733
51735
51736
51738
51740
51741
51742
51751
51752
51753
51754
51762
51763
51764
51765
51766
51768
51771
51772
51777
51778
51782
51824
51825
51826
51827
51828
51829
51830
51831
51837
51838
51839
51840
51841
51842
51843
51854
51855
51856
51858
51859
51860
51862
51865
51874
51878
51881
51886
51900
51901
51902
51905
51906
51907
51908
51909
51914
51915
51921
51922
51923
51924
51925
51926
51927
51928
51929
51932
51933
51934
51935
51937
51939
51940
51941
51942
51943
51944
51945
51946
51947
51948
51949
51950
51951
51952
51953
51954
51955
51956
51958
51960
51976
51977
51978
51982
51983
51984
51985
51986
51987
51988
51989
51990
51996
51997
51998
51999
52005
52015
52018
52019
52021
52022
52025
52026
52027
52030
52032
52033
52034
52035
52036
52037
52038
52041
52042
52043
52044
52045
52046
52047
52048
52049
52050
52051
52052
52060
52061
52062
52065
52066
52067
52068
52069
52077
52078
52094
52095
52096
52097
52098
52099
52100
52101
52102
52103
52104
52105
52106
52107
52108
52109
52110
52111
52112
52140
52143
52144
52145
52146
52149
52194
52198
52199
52200
52201
52202
52203
52204
52205
52206
52469
52470
52471
52472
52473
52474
52475
52481
52482
52483
52484
52485
52486
52491
52492
52493
52494
52495
52508
52518
52519
52520
52521
52522
52538
52539
52540
52558
52570
52574
52575
52576
52579
52580
52581
52584
52585
52586
52592
52593
52594
52595
52596
52609
52610
52611
52612
52613
52614
52615
52616
52617
52618
52619
52622
52623
52624
52625
52626
52627
52628
52629
52637
52638
52639
52640
52641
52642
52643
52649
52650
52651
52652
52653
52654
52655
52656
52657
52658
52659
52660
52661
52662
52664
52665
52677
52678
52679
52680
52682
52683
52684
52685
52686
52688
52690
52691
52692
52702
52703
52704
52705
52706
52707
52716
52717
52718
52719
52720
52721
52723
52724
52725
52726
52727
52728
52745
52747
52748
52749
52751
52752
52753
52754
52755
52756
52760
52761
52777
52778
52779
52780
52781
52782
52783
52784
52785
52786
52805
52811
52813
52814
52815
52816
52819
52821
52844
52845
52846
52847
52848
52849
52850
52851
52856
52857
52858
52859
52872
52873
52874
52875
52876
52877
52878
52879
52880
52881
52887
52888
52889
52890
52893
52894
52895
52896
52897
52898
52899
52900
52901
52902
52905
52906
52909
52910
52911
52912
52917
53018
53019
53020
53021
53022
53023
53024
53025
53026
53027
53028
53029
53046
53047
53048
53049
53050
53051
53052
53053
53054
53055
53056
53057
53058
53059
53062
53063
53064
53065
53066
53067
53068
53069
53070
53071
53072
53073
53074
53075
53076
53079
53080
53081
53082
53083
53165
53166
53167
53168
53169
53170
53171
53172
53173
53174
53194
53195
53196
53197
53198
53199
53200
53201
53202
53203
53204
53205
53208
53209
53210
53211
53212
53213
53214
53216
53217
53218
53219
53220
53221
53222
53223
53224
53225
53226
53227
53236
53237
53238
53239
53240
53241
53242
53243
53244
53245
53246
53247
53248
53249
53252
53253
53254
53256
53257
53258
53259
53260
53261
53282
53283
53284
53287
53288
53289
53290
53291
53292
53293
53294
53295
53296
53297
53298
53299
53300
53301
53304
53305
53306
53307
53308
53309
53310
53311
53312
53313
53314
53315
53329
53330
53331
53332
53333
53334
53335
53336
53337
53338
53339
53340
53341
53342
53343
53346
53347
53348
53349
53350
53363
53364
53365
53366
53367
53368
53369
53370
53372
53373
53374
53375
53376
53377
53378
53379
53382
53383
53384
53385
53386
53387
53388
53389
53390
53391
53392
53393
53394
53395
53396
53397
53398
53403
53404
53405
53406
53407
53408
53409
53410
53411
53412
53422
53423
53424
53425
53426
53427
53428
53429
53435
53436
53446
53450
53451
53452
53453
53454
53455
53456
53457
53463
53464
53465
53466
53467
53468
53469
53470
53471
53472
53473
53474
53475
53482
53483
53484
53485
53488
53489
53490
53491
53492
53493
53494
53505
53510
53511
53512
53513
53514
53515
53516
53517
53518
53519
53520
53530
53531
53532
53533
53534
53535
53536
53537
53538
53539
53540
53545
53547
53548
53550
53551
53552
53553
53554
53555
53556
53557
53558
53559
53571
53578
53579
53580
53581
53582
53583
53584
53585
53586
53587
53590
53591
53592
53593
53594
53595
53596
53600
53601
53602
53603
53616
53617
53618
53619
53620
53621
53622
53623
53624
53625
53630
53631
53632
53633
53634
53635
53636
53637
53638
53639
53640
53646
53647
53648
53649
53650
53651
53652
53661
53662
53667
53668
53669
53670
53671
53672
53673
53674
53680
53681
53682
53684
53685
53686
53687
53688
53689
53690
53705
53706
53707
53708
53709
53710
53711
53712
53713
53714
53715
53716
53717
53718
53719
53720
53721
53722
53723
53724
53734
53735
53736
53737
53738
53739
53740
53741
53742
53743
53744
53752
53753
53754
53755
53756
53757
53758
53759
53760
53761
53768
53769
53770
53771
53772
53773
53774
53775
53776
53777
53780
53781
53782
53783
53784
53785
53786
53787
53788
53789
53790
53791
53792
53793
53794
53795
53812
53813
53814
53815
53817
53818
53819
53820
53821
53822
53823
53824
53827
53828
53829
53830
53831
53832
53833
53834
53835
53836
53850
53851
53852
53853
53854
53855
53856
53857
53858
53859
53860
53861
53862
53863
53864
53871
53872
53873
53874
53875
53876
53877
53878
53879
53880
